# Paso ID Masa X Y Vx Vy
0 0 78.18940876 183.43478813 796.54298376 0.00002364 -0.00005243
0 1 10.89751713 445.83275856 596.85016081 0.00010134 -0.00007745
0 2 15.14381463 333.70861457 459.24888745 0.00030468 -0.00004034
0 3 72.47787839 56.41157723 650.88847296 0.00007711 -0.00004694
0 4 99.22894486 0.77876537 938.55271393 0.00005984 -0.00004459
0 5 1.69956456 611.65316230 617.48151030 -0.00001706 0.00028991
0 6 40.58623680 524.77466158 23.06242956 -0.00002433 0.00009965
0 7 24.04436270 973.75552212 46.66566868 -0.00003464 0.00003969
0 8 38.86373701 618.38601408 90.60643607 -0.00007052 0.00005270
0 9 86.13409991 466.76289934 983.23088489 0.00007098 -0.00010419
0 10 2.31323085 450.49925407 680.30753912 0.00006849 0.00002679
0 11 39.15623412 563.28822046 942.20175386 0.00053852 -0.00004357
0 12 24.86152145 230.89381563 15.96625843 -0.00051542 0.00010496
0 13 83.48629641 609.99665747 683.26352490 0.00007855 0.00005959
0 14 19.04137260 391.06060859 173.36464561 -0.00009923 -0.00015971
0 15 21.58622472 425.15587794 755.36140851 0.00004973 -0.00003424
0 16 84.38619253 31.31329278 567.70032813 0.00009820 0.00008573
0 17 92.73922736 395.15023163 449.75412615 -0.00000153 -0.00029581
0 18 57.47395362 326.54077201 727.27199611 0.00003870 -0.00000004
0 19 84.60885120 961.17202791 520.83426638 -0.00007796 0.00003552
0 20 59.08836569 539.69213130 747.32011106 0.00017605 0.00000555
0 21 28.32391921 607.03424489 965.25529985 -0.00051051 -0.00109969
0 22 2.54800409 165.26694223 296.27350662 0.00007420 0.00003406
0 23 30.05532946 394.88151696 423.40148848 0.00000848 0.00114319
0 24 71.42285296 198.84240607 14.07982460 0.00028680 0.00009731
0 25 92.70378692 605.95997956 790.17553448 -0.00009024 -0.00009436
0 26 85.15381895 914.95967485 651.07703016 -0.00005800 -0.00003790
0 27 37.71100725 95.41011591 449.45067476 -0.00001859 0.00003849
0 28 59.53848078 665.92234946 668.84125834 -0.00027263 0.00012745
0 29 38.90976057 561.24342253 274.72179049 -0.00004667 -0.00009281
0 30 72.45122229 848.91381858 971.71209287 -0.00006494 -0.00004899
0 31 5.00292559 256.06832252 235.98492052 0.00002325 0.00012609
0 32 44.49431423 110.89082660 710.66288928 0.00000531 -0.00006033
0 33 48.06165225 895.76359780 201.71920662 -0.00003521 0.00003076
0 34 14.79381392 695.51607966 563.27557590 -0.00008226 0.00011155
0 35 21.10306174 539.84108894 604.41737818 -0.00000873 0.00005054
0 36 69.78370867 598.86546401 942.85357492 -0.00017363 0.00020835
0 37 30.26773512 624.35404276 880.46783871 -0.00016608 0.00002984
0 38 22.62560342 456.53457031 105.49425878 -0.00006763 0.00006341
0 39 33.11015721 883.28026167 416.50994633 -0.00001942 0.00006428
0 40 90.77601631 356.29784187 122.08795399 0.00003620 0.00006551
0 41 1.05151728 647.69012231 272.13224783 -0.00011560 0.00001170
0 42 17.30092920 304.78125945 352.56885353 0.00006731 0.00006247
0 43 69.55116717 484.82997623 534.08942283 -0.00003197 0.00003969
0 44 17.66081356 244.12552137 269.41233340 0.00007180 -0.00000114
0 45 40.97978112 558.10200192 218.76422428 -0.00003360 0.00012768
0 46 25.44073031 253.91541245 64.89224597 -0.00003637 -0.00007368
0 47 15.66060595 712.27058501 696.30426976 -0.00032495 -0.00008354
0 48 97.68488029 266.78101615 997.74048949 0.00003558 -0.00007094
0 49 35.16205361 33.05073707 411.03702028 0.00011158 0.00009455

1 0 78.18940876 183.43478860 796.54298272 0.00004727 -0.00010485
1 1 10.89751713 445.83276059 596.85015926 0.00020269 -0.00015490
1 2 15.14381463 333.70862066 459.24888664 0.00060937 -0.00008068
1 3 72.47787839 56.41157878 650.88847202 0.00015421 -0.00009389
1 4 99.22894486 0.77876656 938.55271304 0.00011969 -0.00008918
1 5 1.69956456 611.65316196 617.48151610 -0.00003412 0.00057983
1 6 40.58623680 524.77466109 23.06243155 -0.00004865 0.00019930
1 7 24.04436270 973.75552143 46.66566948 -0.00006927 0.00007938
1 8 38.86373701 618.38601266 90.60643712 -0.00014103 0.00010539
1 9 86.13409991 466.76290076 983.23088281 0.00014196 -0.00020838
1 10 2.31323085 450.49925544 680.30753966 0.00013697 0.00005358
1 11 39.15623412 563.28823123 942.20175299 0.00107705 -0.00008714
1 12 24.86152145 230.89380532 15.96626053 -0.00103083 0.00020991
1 13 83.48629641 609.99665904 683.26352609 0.00015709 0.00011918
1 14 19.04137260 391.06060661 173.36464242 -0.00019846 -0.00031942
1 15 21.58622472 425.15587893 755.36140782 0.00009947 -0.00006847
1 16 84.38619253 31.31329474 567.70032984 0.00019640 0.00017146
1 17 92.73922736 395.15023160 449.75412024 -0.00000305 -0.00059162
1 18 57.47395362 326.54077278 727.27199611 0.00007741 -0.00000009
1 19 84.60885120 961.17202635 520.83426709 -0.00015592 0.00007104
1 20 59.08836569 539.69213482 747.32011117 0.00035209 0.00001111
1 21 28.32391921 607.03423468 965.25527785 -0.00102102 -0.00219939
1 22 2.54800409 165.26694371 296.27350730 0.00014841 0.00006812
1 23 30.05532946 394.88151713 423.40151134 0.00001696 0.00228638
1 24 71.42285296 198.84241181 14.07982654 0.00057360 0.00019462
1 25 92.70378692 605.95997776 790.17553259 -0.00018048 -0.00018873
1 26 85.15381895 914.95967369 651.07702941 -0.00011601 -0.00007579
1 27 37.71100725 95.41011554 449.45067553 -0.00003718 0.00007697
1 28 59.53848078 665.92234401 668.84126089 -0.00054526 0.00025490
1 29 38.90976057 561.24342160 274.72178863 -0.00009335 -0.00018561
1 30 72.45122229 848.91381728 971.71209189 -0.00012988 -0.00009797
1 31 5.00292559 256.06832299 235.98492304 0.00004649 0.00025217
1 32 44.49431423 110.89082670 710.66288807 0.00001063 -0.00012065
1 33 48.06165225 895.76359710 201.71920724 -0.00007042 0.00006151
1 34 14.79381392 695.51607801 563.27557813 -0.00016452 0.00022311
1 35 21.10306174 539.84108877 604.41737919 -0.00001746 0.00010109
1 36 69.78370867 598.86546054 942.85357908 -0.00034725 0.00041670
1 37 30.26773512 624.35403944 880.46783931 -0.00033215 0.00005968
1 38 22.62560342 456.53456896 105.49426004 -0.00013526 0.00012681
1 39 33.11015721 883.28026128 416.50994762 -0.00003884 0.00012856
1 40 90.77601631 356.29784259 122.08795530 0.00007239 0.00013103
1 41 1.05151728 647.69012000 272.13224806 -0.00023121 0.00002340
1 42 17.30092920 304.78126079 352.56885478 0.00013461 0.00012494
1 43 69.55116717 484.82997559 534.08942363 -0.00006395 0.00007937
1 44 17.66081356 244.12552281 269.41233337 0.00014360 -0.00000228
1 45 40.97978112 558.10200125 218.76422683 -0.00006720 0.00025536
1 46 25.44073031 253.91541172 64.89224449 -0.00007275 -0.00014736
1 47 15.66060595 712.27057852 696.30426808 -0.00064990 -0.00016709
1 48 97.68488029 266.78101686 997.74048807 0.00007117 -0.00014188
1 49 35.16205361 33.05073931 411.03702217 0.00022315 0.00018910

2 0 78.18940876 183.43478931 796.54298114 0.00007091 -0.00015728
2 1 10.89751713 445.83276363 596.85015693 0.00030403 -0.00023235
2 2 15.14381463 333.70862980 459.24888543 0.00091405 -0.00012102
2 3 72.47787839 56.41158109 650.88847061 0.00023132 -0.00014083
2 4 99.22894486 0.77876836 938.55271170 0.00017953 -0.00013378
2 5 1.69956456 611.65316145 617.48152480 -0.00005118 0.00086975
2 6 40.58623680 524.77466036 23.06243454 -0.00007298 0.00029895
2 7 24.04436270 973.75552039 46.66567067 -0.00010391 0.00011906
2 8 38.86373701 618.38601055 90.60643870 -0.00021155 0.00015809
2 9 86.13409991 466.76290289 983.23087968 0.00021294 -0.00031258
2 10 2.31323085 450.49925750 680.30754046 0.00020546 0.00008037
2 11 39.15623412 563.28824739 942.20175168 0.00161557 -0.00013071
2 12 24.86152145 230.89378985 15.96626368 -0.00154625 0.00031487
2 13 83.48629641 609.99666140 683.26352788 0.00023564 0.00017876
2 14 19.04137260 391.06060363 173.36463762 -0.00029769 -0.00047913
2 15 21.58622472 425.15588043 755.36140679 0.00014920 -0.00010271
2 16 84.38619253 31.31329769 567.70033241 0.00029461 0.00025718
2 17 92.73922736 395.15023156 449.75411136 -0.00000458 -0.00088744
2 18 57.47395362 326.54077394 727.27199611 0.00011611 -0.00000013
2 19 84.60885120 961.17202401 520.83426815 -0.00023387 0.00010656
2 20 59.08836569 539.69214010 747.32011133 0.00052814 0.00001666
2 21 28.32391921 607.03421936 965.25524486 -0.00153153 -0.00329909
2 22 2.54800409 165.26694594 296.27350832 0.00022261 0.00010218
2 23 30.05532946 394.88151738 423.40154564 0.00002544 0.00342957
2 24 71.42285296 198.84242041 14.07982946 0.00086040 0.00029193
2 25 92.70378692 605.95997505 790.17552976 -0.00027072 -0.00028309
2 26 85.15381895 914.95967195 651.07702827 -0.00017401 -0.00011369
2 27 37.71100725 95.41011498 449.45067669 -0.00005578 0.00011546
2 28 59.53848078 665.92233583 668.84126471 -0.00081789 0.00038235
2 29 38.90976057 561.24342020 274.72178585 -0.00014002 -0.00027842
2 30 72.45122229 848.91381533 971.71209042 -0.00019482 -0.00014696
2 31 5.00292559 256.06832368 235.98492682 0.00006974 0.00037826
2 32 44.49431423 110.89082686 710.66288626 0.00001594 -0.00018098
2 33 48.06165225 895.76359604 201.71920816 -0.00010563 0.00009227
2 34 14.79381392 695.51607555 563.27558147 -0.00024677 0.00033466
2 35 21.10306174 539.84108850 604.41738071 -0.00002618 0.00015163
2 36 69.78370867 598.86545533 942.85358533 -0.00052088 0.00062505
2 37 30.26773512 624.35403446 880.46784020 -0.00049823 0.00008952
2 38 22.62560342 456.53456693 105.49426195 -0.00020289 0.00019022
2 39 33.11015721 883.28026070 416.50994954 -0.00005825 0.00019283
2 40 90.77601631 356.29784368 122.08795727 0.00010859 0.00019654
2 41 1.05151728 647.69011653 272.13224841 -0.00034681 0.00003510
2 42 17.30092920 304.78126281 352.56885665 0.00020192 0.00018742
2 43 69.55116717 484.82997463 534.08942482 -0.00009592 0.00011906
2 44 17.66081356 244.12552496 269.41233334 0.00021541 -0.00000342
2 45 40.97978112 558.10200024 218.76423066 -0.00010080 0.00038303
2 46 25.44073031 253.91541063 64.89224228 -0.00010912 -0.00022104
2 47 15.66060595 712.27056877 696.30426558 -0.00097485 -0.00025063
2 48 97.68488029 266.78101793 997.74048594 0.00010675 -0.00021282
2 49 35.16205361 33.05074265 411.03702501 0.00033473 0.00028365

3 0 78.18940876 183.43479026 796.54297905 0.00009455 -0.00020970
3 1 10.89751713 445.83276768 596.85015384 0.00040537 -0.00030980
3 2 15.14381463 333.70864199 459.24888382 0.00121874 -0.00016136
3 3 72.47787839 56.41158417 650.88846873 0.00030843 -0.00018777
3 4 99.22894486 0.77877075 938.55270992 0.00023938 -0.00017837
3 5 1.69956456 611.65316076 617.48153640 -0.00006824 0.00115966
3 6 40.58623680 524.77465939 23.06243853 -0.00009730 0.00039860
3 7 24.04436270 973.75551900 46.66567226 -0.00013854 0.00015875
3 8 38.86373701 618.38600773 90.60644081 -0.00028206 0.00021079
3 9 86.13409991 466.76290573 983.23087552 0.00028393 -0.00041677
3 10 2.31323085 450.49926024 680.30754153 0.00027395 0.00010716
3 11 39.15623412 563.28826893 942.20174994 0.00215409 -0.00017428
3 12 24.86152145 230.89376924 15.96626788 -0.00206166 0.00041983
3 13 83.48629641 609.99666454 683.26353026 0.00031419 0.00023835
3 14 19.04137260 391.06059966 173.36463124 -0.00039692 -0.00063884
3 15 21.58622472 425.15588241 755.36140542 0.00019894 -0.00013694
3 16 84.38619253 31.31330161 567.70033584 0.00039281 0.00034291
3 17 92.73922736 395.15023150 449.75409953 -0.00000610 -0.00118325
3 18 57.47395362 326.54077549 727.27199611 0.00015482 -0.00000018
3 19 84.60885120 961.17202089 520.83426957 -0.00031183 0.00014208
3 20 59.08836569 539.69214714 747.32011156 0.00070419 0.00002222
3 21 28.32391921 607.03419894 965.25520087 -0.00204204 -0.00439879
3 22 2.54800409 165.26694891 296.27350969 0.00029681 0.00013625
3 23 30.05532946 394.88151772 423.40159136 0.00003392 0.00457277
3 24 71.42285296 198.84243188 14.07983336 0.00114719 0.00038924
3 25 92.70378692 605.95997144 790.17552598 -0.00036096 -0.00037746
3 26 85.15381895 914.95966963 651.07702675 -0.00023202 -0.00015159
3 27 37.71100725 95.41011423 449.45067823 -0.00007437 0.00015394
3 28 59.53848078 665.92232493 668.84126981 -0.00109052 0.00050980
3 29 38.90976057 561.24341833 274.72178214 -0.00018670 -0.00037123
3 30 72.45122229 848.91381274 971.71208846 -0.00025976 -0.00019595
3 31 5.00292559 256.06832461 235.98493187 0.00009298 0.00050435
3 32 44.49431423 110.89082707 710.66288385 0.00002125 -0.00024131
3 33 48.06165225 895.76359464 201.71920939 -0.00014083 0.00012302
3 34 14.79381392 695.51607226 563.27558594 -0.00032903 0.00044622
3 35 21.10306174 539.84108815 604.41738273 -0.00003491 0.00020217
3 36 69.78370867 598.86544838 942.85359367 -0.00069450 0.00083340
3 37 30.26773512 624.35402782 880.46784140 -0.00066430 0.00011936
3 38 22.62560342 456.53456422 105.49426448 -0.00027053 0.00025363
3 39 33.11015721 883.28025992 416.50995212 -0.00007767 0.00025711
3 40 90.77601631 356.29784512 122.08795989 0.00014478 0.00026206
3 41 1.05151728 647.69011191 272.13224888 -0.00046241 0.00004680
3 42 17.30092920 304.78126550 352.56885915 0.00026922 0.00024989
3 43 69.55116717 484.82997336 534.08942641 -0.00012790 0.00015875
3 44 17.66081356 244.12552784 269.41233329 0.00028721 -0.00000456
3 45 40.97978112 558.10199890 218.76423577 -0.00013440 0.00051071
3 46 25.44073031 253.91540917 64.89223934 -0.00014550 -0.00029472
3 47 15.66060595 712.27055577 696.30426224 -0.00129980 -0.00033417
3 48 97.68488029 266.78101935 997.74048310 0.00014234 -0.00028375
3 49 35.16205361 33.05074712 411.03702879 0.00044630 0.00037820

4 0 78.18940876 183.43479144 796.54297642 0.00011819 -0.00026213
4 1 10.89751713 445.83277275 596.85014996 0.00050672 -0.00038725
4 2 15.14381463 333.70865722 459.24888180 0.00152342 -0.00020170
4 3 72.47787839 56.41158803 650.88846638 0.00038553 -0.00023472
4 4 99.22894486 0.77877375 938.55270769 0.00029922 -0.00022296
4 5 1.69956456 611.65315991 617.48155089 -0.00008530 0.00144958
4 6 40.58623680 524.77465817 23.06244351 -0.00012163 0.00049825
4 7 24.04436270 973.75551727 46.66567424 -0.00017318 0.00019844
4 8 38.86373701 618.38600420 90.60644345 -0.00035258 0.00026348
4 9 86.13409991 466.76290928 983.23087031 0.00035491 -0.00052096
4 10 2.31323085 450.49926366 680.30754287 0.00034243 0.00013395
4 11 39.15623412 563.28829585 942.20174776 0.00269262 -0.00021785
4 12 24.86152145 230.89374347 15.96627313 -0.00257708 0.00052478
4 13 83.48629641 609.99666846 683.26353324 0.00039273 0.00029794
4 14 19.04137260 391.06059470 173.36462325 -0.00049615 -0.00079855
4 15 21.58622472 425.15588490 755.36140371 0.00024867 -0.00017118
4 16 84.38619253 31.31330652 567.70034013 0.00049101 0.00042864
4 17 92.73922736 395.15023142 449.75408474 -0.00000763 -0.00147906
4 18 57.47395362 326.54077743 727.27199611 0.00019352 -0.00000022
4 19 84.60885120 961.17201699 520.83427135 -0.00038979 0.00017760
4 20 59.08836569 539.69215594 747.32011183 0.00088024 0.00002777
4 21 28.32391921 607.03417342 965.25514589 -0.00255255 -0.00549849
4 22 2.54800409 165.26695262 296.27351139 0.00037101 0.00017031
4 23 30.05532946 394.88151815 423.40164852 0.00004240 0.00571597
4 24 71.42285296 198.84244622 14.07983822 0.00143399 0.00048655
4 25 92.70378692 605.95996693 790.17552127 -0.00045120 -0.00047182
4 26 85.15381895 914.95966673 651.07702486 -0.00029002 -0.00018948
4 27 37.71100725 95.41011331 449.45068015 -0.00009296 0.00019243
4 28 59.53848078 665.92231129 668.84127618 -0.00136315 0.00063725
4 29 38.90976057 561.24341600 274.72177750 -0.00023337 -0.00046403
4 30 72.45122229 848.91380949 971.71208601 -0.00032470 -0.00024493
4 31 5.00292559 256.06832578 235.98493817 0.00011623 0.00063044
4 32 44.49431423 110.89082734 710.66288083 0.00002656 -0.00030163
4 33 48.06165225 895.76359288 201.71921093 -0.00017604 0.00015378
4 34 14.79381392 695.51606814 563.27559151 -0.00041129 0.00055777
4 35 21.10306174 539.84108772 604.41738526 -0.00004364 0.00025272
4 36 69.78370867 598.86543970 942.85360408 -0.00086813 0.00104176
4 37 30.26773512 624.35401951 880.46784289 -0.00083038 0.00014920
4 38 22.62560342 456.53456084 105.49426765 -0.00033816 0.00031704
4 39 33.11015721 883.28025895 416.50995533 -0.00009709 0.00032139
4 40 90.77601631 356.29784693 122.08796316 0.00018098 0.00032757
4 41 1.05151728 647.69010613 272.13224947 -0.00057802 0.00005850
4 42 17.30092920 304.78126887 352.56886228 0.00033653 0.00031236
4 43 69.55116717 484.82997176 534.08942839 -0.00015987 0.00019843
4 44 17.66081356 244.12553143 269.41233324 0.00035901 -0.00000570
4 45 40.97978112 558.10199722 218.76424215 -0.00016800 0.00063839
4 46 25.44073031 253.91540735 64.89223565 -0.00018187 -0.00036840
4 47 15.66060595 712.27053952 696.30425806 -0.00162475 -0.00041772
4 48 97.68488029 266.78102113 997.74047955 0.00017792 -0.00035469
4 49 35.16205361 33.05075269 411.03703352 0.00055788 0.00047275

5 0 78.18940876 183.43479286 796.54297328 0.00014182 -0.00031456
5 1 10.89751713 445.83277883 596.85014532 0.00060806 -0.00046470
5 2 15.14381463 333.70867550 459.24887938 0.00182811 -0.00024203
5 3 72.47787839 56.41159265 650.88846357 0.00046264 -0.00028166
5 4 99.22894486 0.77877734 938.55270502 0.00035906 -0.00026755
5 5 1.69956456 611.65315889 617.48156829 -0.00010235 0.00173949
5 6 40.58623680 524.77465671 23.06244949 -0.00014596 0.00059790
5 7 24.04436270 973.75551519 46.66567662 -0.00020782 0.00023813
5 8 38.86373701 618.38599997 90.60644661 -0.00042309 0.00031618
5 9 86.13409991 466.76291353 983.23086406 0.00042589 -0.00062515
5 10 2.31323085 450.49926777 680.30754448 0.00041092 0.00016074
5 11 39.15623412 563.28832816 942.20174515 0.00323114 -0.00026142
5 12 24.86152145 230.89371254 15.96627943 -0.00309250 0.00062974
5 13 83.48629641 609.99667318 683.26353682 0.00047128 0.00035753
5 14 19.04137260 391.06058874 173.36461367 -0.00059538 -0.00095826
5 15 21.58622472 425.15588789 755.36140166 0.00029841 -0.00020542
5 16 84.38619253 31.31331242 567.70034527 0.00058921 0.00051437
5 17 92.73922736 395.15023133 449.75406699 -0.00000916 -0.00177488
5 18 57.47395362 326.54077975 727.27199610 0.00023223 -0.00000027
5 19 84.60885120 961.17201232 520.83427348 -0.00046775 0.00021312
5 20 59.08836569 539.69216651 747.32011217 0.00105628 0.00003332
5 21 28.32391921 607.03414279 965.25507991 -0.00306307 -0.00659820
5 22 2.54800409 165.26695707 296.27351343 0.00044522 0.00020437
5 23 30.05532946 394.88151866 423.40171712 0.00005087 0.00685918
5 24 71.42285296 198.84246343 14.07984406 0.00172079 0.00058386
5 25 92.70378692 605.95996151 790.17551560 -0.00054144 -0.00056618
5 26 85.15381895 914.95966325 651.07702258 -0.00034802 -0.00022738
5 27 37.71100725 95.41011219 449.45068246 -0.00011155 0.00023091
5 28 59.53848078 665.92229494 668.84128383 -0.00163578 0.00076470
5 29 38.90976057 561.24341320 274.72177193 -0.00028005 -0.00055684
5 30 72.45122229 848.91380559 971.71208308 -0.00038964 -0.00029392
5 31 5.00292559 256.06832717 235.98494574 0.00013947 0.00075653
5 32 44.49431423 110.89082766 710.66287721 0.00003188 -0.00036196
5 33 48.06165225 895.76359076 201.71921278 -0.00021125 0.00018453
5 34 14.79381392 695.51606321 563.27559821 -0.00049355 0.00066932
5 35 21.10306174 539.84108719 604.41738829 -0.00005237 0.00030326
5 36 69.78370867 598.86542928 942.85361659 -0.00104176 0.00125011
5 37 30.26773512 624.35400955 880.46784468 -0.00099645 0.00017904
5 38 22.62560342 456.53455678 105.49427146 -0.00040579 0.00038044
5 39 33.11015721 883.28025778 416.50995919 -0.00011651 0.00038567
5 40 90.77601631 356.29784911 122.08796709 0.00021717 0.00039309
5 41 1.05151728 647.69009919 272.13225017 -0.00069362 0.00007020
5 42 17.30092920 304.78127291 352.56886602 0.00040384 0.00037483
5 43 69.55116717 484.82996984 534.08943077 -0.00019185 0.00023812
5 44 17.66081356 244.12553573 269.41233317 0.00043081 -0.00000684
5 45 40.97978112 558.10199520 218.76424981 -0.00020160 0.00076607
5 46 25.44073031 253.91540517 64.89223123 -0.00021825 -0.00044208
5 47 15.66060595 712.27052002 696.30425305 -0.00194970 -0.00050126
5 48 97.68488029 266.78102327 997.74047530 0.00021350 -0.00042563
5 49 35.16205361 33.05075939 411.03703919 0.00066945 0.00056730

6 0 78.18940876 183.43479451 796.54296961 0.00016546 -0.00036698
6 1 10.89751713 445.83278592 596.85013989 0.00070941 -0.00054215
6 2 15.14381463 333.70869683 459.24887656 0.00213279 -0.00028237
6 3 72.47787839 56.41159805 650.88846028 0.00053974 -0.00032861
6 4 99.22894486 0.77878152 938.55270189 0.00041891 -0.00031214
6 5 1.69956456 611.65315769 617.48158858 -0.00011941 0.00202941
6 6 40.58623680 524.77465501 23.06245646 -0.00017028 0.00069755
6 7 24.04436270 973.75551277 46.66567940 -0.00024245 0.00027782
6 8 38.86373701 618.38599504 90.60645030 -0.00049361 0.00036887
6 9 86.13409991 466.76291850 983.23085676 0.00049687 -0.00072934
6 10 2.31323085 450.49927256 680.30754636 0.00047941 0.00018753
6 11 39.15623412 563.28836586 942.20174210 0.00376967 -0.00030499
6 12 24.86152145 230.89367646 15.96628677 -0.00360792 0.00073470
6 13 83.48629641 609.99667868 683.26354099 0.00054983 0.00041711
6 14 19.04137260 391.06058180 173.36460249 -0.00069461 -0.00111797
6 15 21.58622472 425.15589137 755.36139926 0.00034814 -0.00023965
6 16 84.38619253 31.31331929 567.70035127 0.00068742 0.00060009
6 17 92.73922736 395.15023122 449.75404628 -0.00001068 -0.00207070
6 18 57.47395362 326.54078246 727.27199610 0.00027093 -0.00000031
6 19 84.60885120 961.17200686 520.83427597 -0.00054570 0.00024864
6 20 59.08836569 539.69217883 747.32011256 0.00123233 0.00003888
6 21 28.32391921 607.03410705 965.25500293 -0.00357359 -0.00769791
6 22 2.54800409 165.26696227 296.27351582 0.00051942 0.00023843
6 23 30.05532946 394.88151925 423.40179714 0.00005935 0.00800239
6 24 71.42285296 198.84248351 14.07985087 0.00200759 0.00068117
6 25 92.70378692 605.95995520 790.17550900 -0.00063168 -0.00066055
6 26 85.15381895 914.95965919 651.07701993 -0.00040603 -0.00026528
6 27 37.71100725 95.41011089 449.45068516 -0.00013015 0.00026940
6 28 59.53848078 665.92227585 668.84129275 -0.00190841 0.00089215
6 29 38.90976057 561.24340993 274.72176543 -0.00032672 -0.00064965
6 30 72.45122229 848.91380105 971.71207965 -0.00045458 -0.00034291
6 31 5.00292559 256.06832880 235.98495456 0.00016272 0.00088261
6 32 44.49431423 110.89082803 710.66287299 0.00003719 -0.00042229
6 33 48.06165225 895.76358830 201.71921493 -0.00024646 0.00021529
6 34 14.79381392 695.51605745 563.27560601 -0.00057581 0.00078088
6 35 21.10306174 539.84108658 604.41739183 -0.00006110 0.00035381
6 36 69.78370867 598.86541713 942.85363117 -0.00121538 0.00145847
6 37 30.26773512 624.35399792 880.46784677 -0.00116253 0.00020888
6 38 22.62560342 456.53455205 105.49427590 -0.00047342 0.00044385
6 39 33.11015721 883.28025642 416.50996369 -0.00013592 0.00044995
6 40 90.77601631 356.29785164 122.08797168 0.00025337 0.00045860
6 41 1.05151728 647.69009110 272.13225099 -0.00080922 0.00008190
6 42 17.30092920 304.78127762 352.56887040 0.00047114 0.00043731
6 43 69.55116717 484.82996760 534.08943355 -0.00022382 0.00027780
6 44 17.66081356 244.12554076 269.41233309 0.00050261 -0.00000798
6 45 40.97978112 558.10199285 218.76425875 -0.00023520 0.00089375
6 46 25.44073031 253.91540263 64.89222607 -0.00025462 -0.00051576
6 47 15.66060595 712.27049728 696.30424720 -0.00227465 -0.00058481
6 48 97.68488029 266.78102576 997.74047033 0.00024909 -0.00049657
6 49 35.16205361 33.05076720 411.03704581 0.00078103 0.00066185

7 0 78.18940876 183.43479640 796.54296541 0.00018910 -0.00041941
7 1 10.89751713 445.83279403 596.85013370 0.00081075 -0.00061960
7 2 15.14381463 333.70872121 459.24887333 0.00243748 -0.00032271
7 3 72.47787839 56.41160422 650.88845653 0.00061685 -0.00037555
7 4 99.22894486 0.77878631 938.55269833 0.00047875 -0.00035673
7 5 1.69956456 611.65315633 617.48161177 -0.00013647 0.00231932
7 6 40.58623680 524.77465306 23.06246443 -0.00019461 0.00079720
7 7 24.04436270 973.75551000 46.66568257 -0.00027709 0.00031751
7 8 38.86373701 618.38598939 90.60645451 -0.00056413 0.00042157
7 9 86.13409991 466.76292418 983.23084843 0.00056785 -0.00083354
7 10 2.31323085 450.49927804 680.30754850 0.00054789 0.00021432
7 11 39.15623412 563.28840894 942.20173861 0.00430820 -0.00034856
7 12 24.86152145 230.89363523 15.96629517 -0.00412334 0.00083965
7 13 83.48629641 609.99668496 683.26354576 0.00062837 0.00047670
7 14 19.04137260 391.06057386 173.36458971 -0.00079384 -0.00127768
7 15 21.58622472 425.15589535 755.36139652 0.00039787 -0.00027389
7 16 84.38619253 31.31332715 567.70035813 0.00078562 0.00068582
7 17 92.73922736 395.15023110 449.75402262 -0.00001221 -0.00236652
7 18 57.47395362 326.54078555 727.27199610 0.00030964 -0.00000036
7 19 84.60885120 961.17200062 520.83427881 -0.00062366 0.00028416
7 20 59.08836569 539.69219291 747.32011300 0.00140838 0.00004443
7 21 28.32391921 607.03406621 965.25491495 -0.00408411 -0.00879763
7 22 2.54800409 165.26696820 296.27351854 0.00059362 0.00027249
7 23 30.05532946 394.88151993 423.40188860 0.00006783 0.00914560
7 24 71.42285296 198.84250645 14.07985866 0.00229439 0.00077848
7 25 92.70378692 605.95994798 790.17550145 -0.00072192 -0.00075491
7 26 85.15381895 914.95965455 651.07701690 -0.00046403 -0.00030317
7 27 37.71100725 95.41010940 449.45068823 -0.00014874 0.00030789
7 28 59.53848078 665.92225404 668.84130295 -0.00218104 0.00101960
7 29 38.90976057 561.24340620 274.72175801 -0.00037340 -0.00074246
7 30 72.45122229 848.91379585 971.71207573 -0.00051952 -0.00039190
7 31 5.00292559 256.06833066 235.98496465 0.00018596 0.00100870
7 32 44.49431423 110.89082846 710.66286816 0.00004250 -0.00048262
7 33 48.06165225 895.76358548 201.71921739 -0.00028167 0.00024604
7 34 14.79381392 695.51605087 563.27561494 -0.00065807 0.00089243
7 35 21.10306174 539.84108589 604.41739587 -0.00006983 0.00040435
7 36 69.78370867 598.86540324 942.85364784 -0.00138901 0.00166683
7 37 30.26773512 624.35398464 880.46784915 -0.00132860 0.00023872
7 38 22.62560342 456.53454664 105.49428097 -0.00054105 0.00050726
7 39 33.11015721 883.28025487 416.50996883 -0.00015534 0.00051422
7 40 90.77601631 356.29785453 122.08797692 0.00028956 0.00052412
7 41 1.05151728 647.69008185 272.13225192 -0.00092483 0.00009360
7 42 17.30092920 304.78128300 352.56887540 0.00053845 0.00049978
7 43 69.55116717 484.82996504 534.08943673 -0.00025580 0.00031749
7 44 17.66081356 244.12554650 269.41233300 0.00057442 -0.00000912
7 45 40.97978112 558.10199016 218.76426896 -0.00026880 0.00102142
7 46 25.44073031 253.91539972 64.89222018 -0.00029100 -0.00058944
7 47 15.66060595 712.27047128 696.30424051 -0.00259960 -0.00066835
7 48 97.68488029 266.78102861 997.74046466 0.00028467 -0.00056751
7 49 35.16205361 33.05077613 411.03705338 0.00089260 0.00075640

8 0 78.18940876 183.43479853 796.54296070 0.00021274 -0.00047183
8 1 10.89751713 445.83280315 596.85012673 0.00091209 -0.00069705
8 2 15.14381463 333.70874863 459.24886970 0.00274216 -0.00036305
8 3 72.47787839 56.41161116 650.88845230 0.00069396 -0.00042249
8 4 99.22894486 0.77879170 938.55269431 0.00053860 -0.00040133
8 5 1.69956456 611.65315479 617.48163787 -0.00015353 0.00260924
8 6 40.58623680 524.77465087 23.06247340 -0.00021893 0.00089685
8 7 24.04436270 973.75550688 46.66568615 -0.00031172 0.00035719
8 8 38.86373701 618.38598305 90.60645925 -0.00063464 0.00047427
8 9 86.13409991 466.76293057 983.23083905 0.00063883 -0.00093773
8 10 2.31323085 450.49928421 680.30755091 0.00061638 0.00024112
8 11 39.15623412 563.28845741 942.20173469 0.00484673 -0.00039212
8 12 24.86152145 230.89358884 15.96630461 -0.00463877 0.00094461
8 13 83.48629641 609.99669203 683.26355112 0.00070692 0.00053629
8 14 19.04137260 391.06056493 173.36457534 -0.00089308 -0.00143739
8 15 21.58622472 425.15589982 755.36139344 0.00044761 -0.00030813
8 16 84.38619253 31.31333598 567.70036585 0.00088382 0.00077155
8 17 92.73922736 395.15023096 449.75399600 -0.00001374 -0.00266234
8 18 57.47395362 326.54078904 727.27199609 0.00034834 -0.00000040
8 19 84.60885120 961.17199361 520.83428201 -0.00070162 0.00031968
8 20 59.08836569 539.69220876 747.32011350 0.00158442 0.00004999
8 21 28.32391921 607.03402026 965.25481598 -0.00459463 -0.00989735
8 22 2.54800409 165.26697488 296.27352161 0.00066783 0.00030655
8 23 30.05532946 394.88152069 423.40199148 0.00007631 0.01028883
8 24 71.42285296 198.84253226 14.07986742 0.00258120 0.00087579
8 25 92.70378692 605.95993985 790.17549296 -0.00081216 -0.00084928
8 26 85.15381895 914.95964932 651.07701349 -0.00052204 -0.00034107
8 27 37.71100725 95.41010773 449.45069170 -0.00016733 0.00034637
8 28 59.53848078 665.92222951 668.84131442 -0.00245367 0.00114705
8 29 38.90976057 561.24340200 274.72174965 -0.00042007 -0.00083526
8 30 72.45122229 848.91379001 971.71207132 -0.00058446 -0.00044088
8 31 5.00292559 256.06833275 235.98497600 0.00020921 0.00113479
8 32 44.49431423 110.89082893 710.66286273 0.00004781 -0.00054294
8 33 48.06165225 895.76358231 201.71922016 -0.00031688 0.00027680
8 34 14.79381392 695.51604346 563.27562498 -0.00074032 0.00100399
8 35 21.10306174 539.84108510 604.41740042 -0.00007855 0.00045489
8 36 69.78370867 598.86538761 942.85366659 -0.00156263 0.00187519
8 37 30.26773512 624.35396969 880.46785184 -0.00149468 0.00026856
8 38 22.62560342 456.53454055 105.49428667 -0.00060868 0.00057067
8 39 33.11015721 883.28025312 416.50997461 -0.00017476 0.00057850
8 40 90.77601631 356.29785779 122.08798282 0.00032576 0.00058963
8 41 1.05151728 647.69007144 272.13225298 -0.00104043 0.00010530
8 42 17.30092920 304.78128906 352.56888102 0.00060575 0.00056225
8 43 69.55116717 484.82996216 534.08944030 -0.00028777 0.00035718
8 44 17.66081356 244.12555297 269.41233289 0.00064622 -0.00001026
8 45 40.97978112 558.10198714 218.76428046 -0.00030241 0.00114910
8 46 25.44073031 253.91539644 64.89221355 -0.00032737 -0.00066312
8 47 15.66060595 712.27044204 696.30423300 -0.00292455 -0.00075189
8 48 97.68488029 266.78103181 997.74045827 0.00032026 -0.00063845
8 49 35.16205361 33.05078617 411.03706189 0.00100418 0.00085095

9 0 78.18940876 183.43480089 796.54295545 0.00023637 -0.00052426
9 1 10.89751713 445.83281329 596.85011898 0.00101344 -0.00077450
9 2 15.14381463 333.70877910 459.24886567 0.00304685 -0.00040339
9 3 72.47787839 56.41161887 650.88844761 0.00077106 -0.00046944
9 4 99.22894486 0.77879768 938.55268985 0.00059844 -0.00044592
9 5 1.69956456 611.65315309 617.48166686 -0.00017059 0.00289915
9 6 40.58623680 524.77464844 23.06248337 -0.00024326 0.00099651
9 7 24.04436270 973.75550342 46.66569012 -0.00034636 0.00039688
9 8 38.86373701 618.38597600 90.60646452 -0.00070516 0.00052696
9 9 86.13409991 466.76293767 983.23082863 0.00070982 -0.00104192
9 10 2.31323085 450.49929105 680.30755359 0.00068487 0.00026791
9 11 39.15623412 563.28851126 942.20173034 0.00538527 -0.00043569
9 12 24.86152145 230.89353730 15.96631511 -0.00515419 0.00104957
9 13 83.48629641 609.99669988 683.26355708 0.00078547 0.00059588
9 14 19.04137260 391.06055501 173.36455937 -0.00099231 -0.00159710
9 15 21.58622472 425.15590479 755.36139002 0.00049734 -0.00034236
9 16 84.38619253 31.31334581 567.70037442 0.00098202 0.00085728
9 17 92.73922736 395.15023081 449.75396641 -0.00001526 -0.00295816
9 18 57.47395362 326.54079291 727.27199609 0.00038705 -0.00000045
9 19 84.60885120 961.17198581 520.83428556 -0.00077958 0.00035520
9 20 59.08836569 539.69222636 747.32011405 0.00176047 0.00005554
9 21 28.32391921 607.03396921 965.25470601 -0.00510516 -0.01099708
9 22 2.54800409 165.26698230 296.27352501 0.00074203 0.00034061
9 23 30.05532946 394.88152154 423.40210580 0.00008479 0.01143206
9 24 71.42285296 198.84256094 14.07987715 0.00286800 0.00097310
9 25 92.70378692 605.95993083 790.17548352 -0.00090240 -0.00094364
9 26 85.15381895 914.95964352 651.07700970 -0.00058004 -0.00037897
9 27 37.71100725 95.41010587 449.45069555 -0.00018592 0.00038486
9 28 59.53848078 665.92220224 668.84132716 -0.00272630 0.00127450
9 29 38.90976057 561.24339733 274.72174037 -0.00046675 -0.00092807
9 30 72.45122229 848.91378351 971.71206642 -0.00064939 -0.00048987
9 31 5.00292559 256.06833507 235.98498861 0.00023246 0.00126088
9 32 44.49431423 110.89082946 710.66285670 0.00005313 -0.00060327
9 33 48.06165225 895.76357879 201.71922323 -0.00035209 0.00030756
9 34 14.79381392 695.51603524 563.27563613 -0.00082258 0.00111554
9 35 21.10306174 539.84108423 604.41740547 -0.00008728 0.00050544
9 36 69.78370867 598.86537025 942.85368743 -0.00173626 0.00208355
9 37 30.26773512 624.35395308 880.46785482 -0.00166075 0.00029840
9 38 22.62560342 456.53453379 105.49429302 -0.00067632 0.00063407
9 39 33.11015721 883.28025118 416.50998104 -0.00019418 0.00064278
9 40 90.77601631 356.29786141 122.08798937 0.00036195 0.00065515
9 41 1.05151728 647.69005988 272.13225415 -0.00115603 0.00011700
9 42 17.30092920 304.78129579 352.56888727 0.00067306 0.00062472
9 43 69.55116717 484.82995897 534.08944427 -0.00031975 0.00039686
9 44 17.66081356 244.12556015 269.41233278 0.00071802 -0.00001140
9 45 40.97978112 558.10198378 218.76429322 -0.00033601 0.00127678
9 46 25.44073031 253.91539280 64.89220618 -0.00036375 -0.00073680
9 47 15.66060595 712.27040954 696.30422464 -0.00324950 -0.00083544
9 48 97.68488029 266.78103537 997.74045118 0.00035584 -0.00070939
9 49 35.16205361 33.05079733 411.03707134 0.00111575 0.00094550

10 0 78.18940876 183.43480349 796.54294969 0.00026001 -0.00057668
10 1 10.89751713 445.83282444 596.85011046 0.00111478 -0.00085195
10 2 15.14381463 333.70881261 459.24886123 0.00335154 -0.00044373
10 3 72.47787839 56.41162735 650.88844244 0.00084817 -0.00051638
10 4 99.22894486 0.77880427 938.55268495 0.00065828 -0.00049051
10 5 1.69956456 611.65315121 617.48169875 -0.00018765 0.00318907
10 6 40.58623680 524.77464577 23.06249433 -0.00026759 0.00109616
10 7 24.04436270 973.75549961 46.66569448 -0.00038100 0.00043657
10 8 38.86373701 618.38596824 90.60647032 -0.00077567 0.00057966
10 9 86.13409991 466.76294548 983.23081717 0.00078080 -0.00114611
10 10 2.31323085 450.49929859 680.30755654 0.00075335 0.00029470
10 11 39.15623412 563.28857050 942.20172554 0.00592380 -0.00047926
10 12 24.86152145 230.89348060 15.96632666 -0.00566962 0.00115452
10 13 83.48629641 609.99670852 683.26356363 0.00086402 0.00065546
10 14 19.04137260 391.06054409 173.36454180 -0.00109154 -0.00175681
10 15 21.58622472 425.15591027 755.36138625 0.00054708 -0.00037660
10 16 84.38619253 31.31335661 567.70038385 0.00108022 0.00094301
10 17 92.73922736 395.15023064 449.75393387 -0.00001679 -0.00325399
10 18 57.47395362 326.54079717 727.27199608 0.00042575 -0.00000049
10 19 84.60885120 961.17197724 520.83428946 -0.00085754 0.00039072
10 20 59.08836569 539.69224573 747.32011467 0.00193652 0.00006109
10 21 28.32391921 607.03391306 965.25458504 -0.00561569 -0.01209682
10 22 2.54800409 165.26699046 296.27352876 0.00081623 0.00037468
10 23 30.05532946 394.88152247 423.40223156 0.00009327 0.01257531
10 24 71.42285296 198.84259249 14.07988785 0.00315480 0.00107041
10 25 92.70378692 605.95992090 790.17547314 -0.00099264 -0.00103801
10 26 85.15381895 914.95963714 651.07700553 -0.00063804 -0.00041686
10 27 37.71100725 95.41010382 449.45069978 -0.00020452 0.00042334
10 28 59.53848078 665.92217225 668.84134118 -0.00299893 0.00140195
10 29 38.90976057 561.24339220 274.72173017 -0.00051342 -0.00102088
10 30 72.45122229 848.91377637 971.71206103 -0.00071433 -0.00053886
10 31 5.00292559 256.06833763 235.98500248 0.00025570 0.00138696
10 32 44.49431423 110.89083005 710.66285007 0.00005844 -0.00066360
10 33 48.06165225 895.76357492 201.71922662 -0.00038729 0.00033831
10 34 14.79381392 695.51602619 563.27564841 -0.00090484 0.00122710
10 35 21.10306174 539.84108327 604.41741103 -0.00009601 0.00055598
10 36 69.78370867 598.86535115 942.85371034 -0.00190988 0.00229192
10 37 30.26773512 624.35393482 880.46785811 -0.00182683 0.00032824
10 38 22.62560342 456.53452635 105.49429999 -0.00074395 0.00069748
10 39 33.11015721 883.28024904 416.50998811 -0.00021359 0.00070706
10 40 90.77601631 356.29786539 122.08799657 0.00039815 0.00072066
10 41 1.05151728 647.69004717 272.13225543 -0.00127164 0.00012870
10 42 17.30092920 304.78130319 352.56889414 0.00074037 0.00068720
10 43 69.55116717 484.82995545 534.08944863 -0.00035172 0.00043655
10 44 17.66081356 244.12556805 269.41233265 0.00078982 -0.00001254
10 45 40.97978112 558.10198008 218.76430727 -0.00036961 0.00140446
10 46 25.44073031 253.91538880 64.89219808 -0.00040012 -0.00081048
10 47 15.66060595 712.27037380 696.30421545 -0.00357445 -0.00091898
10 48 97.68488029 266.78103928 997.74044338 0.00039143 -0.00078033
10 49 35.16205361 33.05080960 411.03708174 0.00122733 0.00104005

11 0 78.18940876 183.43480633 796.54294340 0.00028365 -0.00062911
11 1 10.89751713 445.83283660 596.85010117 0.00121612 -0.00092940
11 2 15.14381463 333.70884917 459.24885639 0.00365622 -0.00048407
11 3 72.47787839 56.41163661 650.88843681 0.00092528 -0.00056332
11 4 99.22894486 0.77881145 938.55267960 0.00071813 -0.00053510
11 5 1.69956456 611.65314916 617.48173354 -0.00020471 0.00347899
11 6 40.58623680 524.77464285 23.06250629 -0.00029191 0.00119581
11 7 24.04436270 973.75549545 46.66569924 -0.00041563 0.00047626
11 8 38.86373701 618.38595978 90.60647664 -0.00084619 0.00063236
11 9 86.13409991 466.76295399 983.23080467 0.00085178 -0.00125030
11 10 2.31323085 450.49930681 680.30755975 0.00082184 0.00032149
11 11 39.15623412 563.28863512 942.20172032 0.00646234 -0.00052283
11 12 24.86152145 230.89341875 15.96633925 -0.00618506 0.00125948
11 13 83.48629641 609.99671795 683.26357078 0.00094256 0.00071505
11 14 19.04137260 391.06053218 173.36452263 -0.00119077 -0.00191652
11 15 21.58622472 425.15591623 755.36138214 0.00059681 -0.00041083
11 16 84.38619253 31.31336839 567.70039414 0.00117843 0.00102873
11 17 92.73922736 395.15023046 449.75389838 -0.00001831 -0.00354982
11 18 57.47395362 326.54080181 727.27199608 0.00046446 -0.00000054
11 19 84.60885120 961.17196788 520.83429373 -0.00093549 0.00042624
11 20 59.08836569 539.69226685 747.32011533 0.00211257 0.00006665
11 21 28.32391921 607.03385179 965.25445307 -0.00612623 -0.01319657
11 22 2.54800409 165.26699937 296.27353285 0.00089043 0.00040874
11 23 30.05532946 394.88152349 423.40236874 0.00010175 0.01371856
11 24 71.42285296 198.84262691 14.07989953 0.00344161 0.00116772
11 25 92.70378692 605.95991008 790.17546182 -0.00108288 -0.00113237
11 26 85.15381895 914.95963018 651.07700098 -0.00069605 -0.00045476
11 27 37.71100725 95.41010159 449.45070440 -0.00022311 0.00046183
11 28 59.53848078 665.92213954 668.84135648 -0.00327156 0.00152940
11 29 38.90976057 561.24338660 274.72171903 -0.00056009 -0.00111369
11 30 72.45122229 848.91376858 971.71205515 -0.00077927 -0.00058784
11 31 5.00292559 256.06834042 235.98501761 0.00027895 0.00151305
11 32 44.49431423 110.89083069 710.66284283 0.00006375 -0.00072392
11 33 48.06165225 895.76357069 201.71923031 -0.00042250 0.00036907
11 34 14.79381392 695.51601632 563.27566179 -0.00098710 0.00133865
11 35 21.10306174 539.84108222 604.41741710 -0.00010474 0.00060652
11 36 69.78370867 598.86533032 942.85373535 -0.00208350 0.00250029
11 37 30.26773512 624.35391489 880.46786169 -0.00199290 0.00035808
11 38 22.62560342 456.53451823 105.49430760 -0.00081158 0.00076089
11 39 33.11015721 883.28024671 416.50999582 -0.00023301 0.00077133
11 40 90.77601631 356.29786974 122.08800444 0.00043435 0.00078618
11 41 1.05151728 647.69003330 272.13225684 -0.00138724 0.00014040
11 42 17.30092920 304.78131127 352.56890163 0.00080767 0.00074967
11 43 69.55116717 484.82995161 534.08945339 -0.00038370 0.00047624
11 44 17.66081356 244.12557666 269.41233252 0.00086162 -0.00001368
11 45 40.97978112 558.10197605 218.76432259 -0.00040321 0.00153214
11 46 25.44073031 253.91538444 64.89218923 -0.00043650 -0.00088416
11 47 15.66060595 712.27033480 696.30420543 -0.00389940 -0.00100252
11 48 97.68488029 266.78104355 997.74043486 0.00042701 -0.00085126
11 49 35.16205361 33.05082299 411.03709309 0.00133890 0.00113460

12 0 78.18940876 183.43480940 796.54293658 0.00030728 -0.00068154
12 1 10.89751713 445.83284977 596.85009110 0.00131747 -0.00100685
12 2 15.14381463 333.70888878 459.24885115 0.00396091 -0.00052441
12 3 72.47787839 56.41164663 650.88843071 0.00100238 -0.00061027
12 4 99.22894486 0.77881923 938.55267380 0.00077797 -0.00057969
12 5 1.69956456 611.65314695 617.48177123 -0.00022177 0.00376890
12 6 40.58623680 524.77463968 23.06251924 -0.00031624 0.00129546
12 7 24.04436270 973.75549095 46.66570440 -0.00045027 0.00051595
12 8 38.86373701 618.38595061 90.60648349 -0.00091671 0.00068505
12 9 86.13409991 466.76296322 983.23079112 0.00092276 -0.00135449
12 10 2.31323085 450.49931571 680.30756324 0.00089033 0.00034828
12 11 39.15623412 563.28870513 942.20171465 0.00700088 -0.00056639
12 12 24.86152145 230.89335175 15.96635289 -0.00670049 0.00136443
12 13 83.48629641 609.99672816 683.26357853 0.00102111 0.00077464
12 14 19.04137260 391.06051928 173.36450187 -0.00129000 -0.00207623
12 15 21.58622472 425.15592270 755.36137769 0.00064655 -0.00044507
12 16 84.38619253 31.31338116 567.70040528 0.00127663 0.00111446
12 17 92.73922736 395.15023026 449.75385992 -0.00001984 -0.00384566
12 18 57.47395362 326.54080684 727.27199607 0.00050316 -0.00000058
12 19 84.60885120 961.17195775 520.83429834 -0.00101345 0.00046176
12 20 59.08836569 539.69228974 747.32011605 0.00228862 0.00007220
12 21 28.32391921 607.03378543 965.25431011 -0.00663677 -0.01429633
12 22 2.54800409 165.26700901 296.27353728 0.00096464 0.00044280
12 23 30.05532946 394.88152459 423.40251736 0.00011023 0.01486183
12 24 71.42285296 198.84266419 14.07991218 0.00372841 0.00126503
12 25 92.70378692 605.95989834 790.17544955 -0.00117312 -0.00122673
12 26 85.15381895 914.95962264 651.07699606 -0.00075405 -0.00049266
12 27 37.71100725 95.41009917 449.45070940 -0.00024170 0.00050031
12 28 59.53848078 665.92210410 668.84137304 -0.00354419 0.00165685
12 29 38.90976057 561.24338053 274.72170696 -0.00060677 -0.00120649
12 30 72.45122229 848.91376013 971.71204878 -0.00084421 -0.00063683
12 31 5.00292559 256.06834344 235.98503400 0.00030219 0.00163914
12 32 44.49431423 110.89083138 710.66283498 0.00006906 -0.00078425
12 33 48.06165225 895.76356612 201.71923430 -0.00045771 0.00039982
12 34 14.79381392 695.51600563 563.27567629 -0.00106936 0.00145020
12 35 21.10306174 539.84108108 604.41742367 -0.00011347 0.00065707
12 36 69.78370867 598.86530775 942.85376243 -0.00225713 0.00270866
12 37 30.26773512 624.35389330 880.46786557 -0.00215898 0.00038792
12 38 22.62560342 456.53450944 105.49431584 -0.00087921 0.00082430
12 39 33.11015721 883.28024419 416.51000418 -0.00025243 0.00083561
12 40 90.77601631 356.29787444 122.08801295 0.00047054 0.00085169
12 41 1.05151728 647.69001827 272.13225836 -0.00150284 0.00015210
12 42 17.30092920 304.78132002 352.56890976 0.00087498 0.00081214
12 43 69.55116717 484.82994746 534.08945855 -0.00041567 0.00051592
12 44 17.66081356 244.12558600 269.41233237 0.00093342 -0.00001483
12 45 40.97978112 558.10197168 218.76433919 -0.00043681 0.00165982
12 46 25.44073031 253.91537971 64.89217966 -0.00047287 -0.00095784
12 47 15.66060595 712.27029256 696.30419457 -0.00422435 -0.00108607
12 48 97.68488029 266.78104818 997.74042564 0.00046259 -0.00092220
12 49 35.16205361 33.05083749 411.03710538 0.00145048 0.00122915

13 0 78.18940876 183.43481271 796.54292924 0.00033092 -0.00073396
13 1 10.89751713 445.83286396 596.85008026 0.00141881 -0.00108430
13 2 15.14381463 333.70893144 459.24884550 0.00426560 -0.00056475
13 3 72.47787839 56.41165742 650.88842414 0.00107949 -0.00065721
13 4 99.22894486 0.77882760 938.55266756 0.00083782 -0.00062428
13 5 1.69956456 611.65314456 617.48181181 -0.00023882 0.00405882
13 6 40.58623680 524.77463628 23.06253319 -0.00034056 0.00139511
13 7 24.04436270 973.75548610 46.66570996 -0.00048491 0.00055564
13 8 38.86373701 618.38594074 90.60649087 -0.00098722 0.00073775
13 9 86.13409991 466.76297316 983.23077653 0.00099374 -0.00145869
13 10 2.31323085 450.49932530 680.30756699 0.00095881 0.00037507
13 11 39.15623412 563.28878053 942.20170855 0.00753943 -0.00060996
13 12 24.86152145 230.89327959 15.96636759 -0.00721593 0.00146938
13 13 83.48629641 609.99673916 683.26358687 0.00109966 0.00083423
13 14 19.04137260 391.06050539 173.36447951 -0.00138923 -0.00223594
13 15 21.58622472 425.15592966 755.36137290 0.00069628 -0.00047931
13 16 84.38619253 31.31339491 567.70041728 0.00137483 0.00120019
13 17 92.73922736 395.15023005 449.75381850 -0.00002137 -0.00414150
13 18 57.47395362 326.54081226 727.27199606 0.00054186 -0.00000063
13 19 84.60885120 961.17194683 520.83430332 -0.00109141 0.00049728
13 20 59.08836569 539.69231439 747.32011683 0.00246466 0.00007776
13 21 28.32391921 607.03371395 965.25415615 -0.00714731 -0.01539610
13 22 2.54800409 165.26701940 296.27354204 0.00103884 0.00047686
13 23 30.05532946 394.88152578 423.40267741 0.00011871 0.01600511
13 24 71.42285296 198.84270434 14.07992580 0.00401522 0.00136234
13 25 92.70378692 605.95988571 790.17543634 -0.00126336 -0.00132110
13 26 85.15381895 914.95961452 651.07699075 -0.00081206 -0.00053055
13 27 37.71100725 95.41009657 449.45071479 -0.00026029 0.00053880
13 28 59.53848078 665.92206593 668.84139089 -0.00381682 0.00178430
13 29 38.90976057 561.24337399 274.72169397 -0.00065344 -0.00129930
13 30 72.45122229 848.91375104 971.71204193 -0.00090915 -0.00068582
13 31 5.00292559 256.06834670 235.98505165 0.00032544 0.00176523
13 32 44.49431423 110.89083212 710.66282654 0.00007438 -0.00084458
13 33 48.06165225 895.76356119 201.71923861 -0.00049292 0.00043058
13 34 14.79381392 695.51599411 563.27569191 -0.00115162 0.00156176
13 35 21.10306174 539.84107986 604.41743075 -0.00012219 0.00070761
13 36 69.78370867 598.86528344 942.85379160 -0.00243075 0.00291704
13 37 30.26773512 624.35387005 880.46786974 -0.00232505 0.00041777
13 38 22.62560342 456.53449997 105.49432472 -0.00094684 0.00088770
13 39 33.11015721 883.28024147 416.51001318 -0.00027185 0.00089989
13 40 90.77601631 356.29787951 122.08802213 0.00050674 0.00091721
13 41 1.05151728 647.69000208 272.13226000 -0.00161845 0.00016380
13 42 17.30092920 304.78132944 352.56891850 0.00094228 0.00087461
13 43 69.55116717 484.82994298 534.08946411 -0.00044764 0.00055561
13 44 17.66081356 244.12559605 269.41233221 0.00100523 -0.00001597
13 45 40.97978112 558.10196697 218.76435706 -0.00047041 0.00178750
13 46 25.44073031 253.91537462 64.89216934 -0.00050925 -0.00103153
13 47 15.66060595 712.27024707 696.30418287 -0.00454930 -0.00116961
13 48 97.68488029 266.78105316 997.74041571 0.00049818 -0.00099314
13 49 35.16205361 33.05085311 411.03711862 0.00156205 0.00132370

14 0 78.18940876 183.43481626 796.54292138 0.00035456 -0.00078639
14 1 10.89751713 445.83287916 596.85006864 0.00152016 -0.00116175
14 2 15.14381463 333.70897714 459.24883945 0.00457029 -0.00060509
14 3 72.47787839 56.41166899 650.88841709 0.00115660 -0.00070416
14 4 99.22894486 0.77883658 938.55266087 0.00089766 -0.00066888
14 5 1.69956456 611.65314200 617.48185530 -0.00025588 0.00434874
14 6 40.58623680 524.77463263 23.06254814 -0.00036489 0.00149476
14 7 24.04436270 973.75548090 46.66571591 -0.00051954 0.00059532
14 8 38.86373701 618.38593016 90.60649878 -0.00105774 0.00079044
14 9 86.13409991 466.76298381 983.23076091 0.00106472 -0.00156288
14 10 2.31323085 450.49933557 680.30757100 0.00102730 0.00040186
14 11 39.15623412 563.28886131 942.20170202 0.00807797 -0.00065352
14 12 24.86152145 230.89320228 15.96638333 -0.00773137 0.00157434
14 13 83.48629641 609.99675094 683.26359581 0.00117821 0.00089381
14 14 19.04137260 391.06049051 173.36445555 -0.00148846 -0.00239565
14 15 21.58622472 425.15593712 755.36136776 0.00074601 -0.00051354
14 16 84.38619253 31.31340964 567.70043014 0.00147303 0.00128592
14 17 92.73922736 395.15022982 449.75377413 -0.00002290 -0.00443734
14 18 57.47395362 326.54081807 727.27199606 0.00058057 -0.00000067
14 19 84.60885120 961.17193514 520.83430865 -0.00116937 0.00053280
14 20 59.08836569 539.69234079 747.32011766 0.00264071 0.00008331
14 21 28.32391921 607.03363737 965.25399119 -0.00765787 -0.01649588
14 22 2.54800409 165.26703053 296.27354715 0.00111304 0.00051092
14 23 30.05532946 394.88152705 423.40284890 0.00012719 0.01714840
14 24 71.42285296 198.84274736 14.07994040 0.00430203 0.00145965
14 25 92.70378692 605.95987217 790.17542218 -0.00135360 -0.00141546
14 26 85.15381895 914.95960582 651.07698507 -0.00087006 -0.00056845
14 27 37.71100725 95.41009378 449.45072056 -0.00027889 0.00057729
14 28 59.53848078 665.92202503 668.84141001 -0.00408946 0.00191175
14 29 38.90976057 561.24336699 274.72168005 -0.00070012 -0.00139211
14 30 72.45122229 848.91374130 971.71203458 -0.00097409 -0.00073480
14 31 5.00292559 256.06835018 235.98507056 0.00034868 0.00189132
14 32 44.49431423 110.89083292 710.66281749 0.00007969 -0.00090491
14 33 48.06165225 895.76355591 201.71924322 -0.00052813 0.00046133
14 34 14.79381392 695.51598177 563.27570864 -0.00123387 0.00167331
14 35 21.10306174 539.84107855 604.41743833 -0.00013092 0.00075816
14 36 69.78370867 598.86525739 942.85382286 -0.00260437 0.00312542
14 37 30.26773512 624.35384513 880.46787422 -0.00249113 0.00044761
14 38 22.62560342 456.53448983 105.49433423 -0.00101447 0.00095111
14 39 33.11015721 883.28023856 416.51002282 -0.00029126 0.00096417
14 40 90.77601631 356.29788494 122.08803195 0.00054293 0.00098272
14 41 1.05151728 647.68998474 272.13226175 -0.00173405 0.00017550
14 42 17.30092920 304.78133954 352.56892787 0.00100959 0.00093708
14 43 69.55116717 484.82993818 534.08947006 -0.00047962 0.00059529
14 44 17.66081356 244.12560682 269.41233204 0.00107703 -0.00001711
14 45 40.97978112 558.10196193 218.76437621 -0.00050401 0.00191518
14 46 25.44073031 253.91536916 64.89215829 -0.00054562 -0.00110521
14 47 15.66060595 712.27019832 696.30417034 -0.00487426 -0.00125315
14 48 97.68488029 266.78105850 997.74040507 0.00053376 -0.00106408
14 49 35.16205361 33.05086985 411.03713280 0.00167363 0.00141825

15 0 78.18940876 183.43482004 796.54291299 0.00037820 -0.00083881
15 1 10.89751713 445.83289538 596.85005625 0.00162150 -0.00123920
15 2 15.14381463 333.70902589 459.24883299 0.00487498 -0.00064543
15 3 72.47787839 56.41168133 650.88840958 0.00123370 -0.00075110
15 4 99.22894486 0.77884616 938.55265373 0.00095750 -0.00071347
15 5 1.69956456 611.65313927 617.48190169 -0.00027294 0.00463865
15 6 40.58623680 524.77462874 23.06256408 -0.00038922 0.00159441
15 7 24.04436270 973.75547536 46.66572226 -0.00055418 0.00063501
15 8 38.86373701 618.38591888 90.60650721 -0.00112825 0.00084314
15 9 86.13409991 466.76299516 983.23074424 0.00113571 -0.00166707
15 10 2.31323085 450.49934653 680.30757529 0.00109579 0.00042865
15 11 39.15623412 563.28894747 942.20169505 0.00861652 -0.00069709
15 12 24.86152145 230.89311981 15.96640012 -0.00824682 0.00167929
15 13 83.48629641 609.99676351 683.26360534 0.00125676 0.00095340
15 14 19.04137260 391.06047463 173.36443000 -0.00158769 -0.00255537
15 15 21.58622472 425.15594508 755.36136229 0.00079575 -0.00054778
15 16 84.38619253 31.31342535 567.70044386 0.00157124 0.00137165
15 17 92.73922736 395.15022957 449.75372680 -0.00002442 -0.00473319
15 18 57.47395362 326.54082426 727.27199605 0.00061927 -0.00000072
15 19 84.60885120 961.17192267 520.83431433 -0.00124732 0.00056832
15 20 59.08836569 539.69236896 747.32011855 0.00281676 0.00008887
15 21 28.32391921 607.03355569 965.25381523 -0.00816843 -0.01759567
15 22 2.54800409 165.26704240 296.27355260 0.00118725 0.00054498
15 23 30.05532946 394.88152841 423.40303181 0.00013567 0.01829171
15 24 71.42285296 198.84279325 14.07995597 0.00458884 0.00155696
15 25 92.70378692 605.95985774 790.17540708 -0.00144384 -0.00150983
15 26 85.15381895 914.95959654 651.07697900 -0.00092806 -0.00060635
15 27 37.71100725 95.41009081 449.45072672 -0.00029748 0.00061577
15 28 59.53848078 665.92198141 668.84143040 -0.00436209 0.00203920
15 29 38.90976057 561.24335952 274.72166520 -0.00074679 -0.00148492
15 30 72.45122229 848.91373091 971.71202674 -0.00103903 -0.00078379
15 31 5.00292559 256.06835390 235.98509074 0.00037193 0.00201741
15 32 44.49431423 110.89083377 710.66280784 0.00008500 -0.00096523
15 33 48.06165225 895.76355027 201.71924814 -0.00056334 0.00049209
15 34 14.79381392 695.51596861 563.27572649 -0.00131613 0.00178487
15 35 21.10306174 539.84107716 604.41744641 -0.00013965 0.00080870
15 36 69.78370867 598.86522961 942.85385620 -0.00277799 0.00333381
15 37 30.26773512 624.35381856 880.46787900 -0.00265721 0.00047745
15 38 22.62560342 456.53447901 105.49434438 -0.00108211 0.00101452
15 39 33.11015721 883.28023545 416.51003311 -0.00031068 0.00102845
15 40 90.77601631 356.29789073 122.08804243 0.00057913 0.00104824
15 41 1.05151728 647.68996625 272.13226362 -0.00184965 0.00018720
15 42 17.30092920 304.78135031 352.56893787 0.00107690 0.00099956
15 43 69.55116717 484.82993307 534.08947641 -0.00051159 0.00063498
15 44 17.66081356 244.12561831 269.41233186 0.00114883 -0.00001825
15 45 40.97978112 558.10195656 218.76439664 -0.00053761 0.00204285
15 46 25.44073031 253.91536334 64.89214650 -0.00058200 -0.00117889
15 47 15.66060595 712.27014633 696.30415697 -0.00519921 -0.00133670
15 48 97.68488029 266.78106419 997.74039372 0.00056935 -0.00113502
15 49 35.16205361 33.05088770 411.03714793 0.00178520 0.00151280

16 0 78.18940876 183.43482406 796.54290408 0.00040183 -0.00089124
16 1 10.89751713 445.83291260 596.85004308 0.00172284 -0.00131665
16 2 15.14381463 333.70907769 459.24882613 0.00517966 -0.00068577
16 3 72.47787839 56.41169443 650.88840160 0.00131081 -0.00079804
16 4 99.22894486 0.77885633 938.55264615 0.00101735 -0.00075806
16 5 1.69956456 611.65313637 617.48195097 -0.00029000 0.00492857
16 6 40.58623680 524.77462460 23.06258103 -0.00041354 0.00169406
16 7 24.04436270 973.75546947 46.66572901 -0.00058881 0.00067470
16 8 38.86373701 618.38590689 90.60651617 -0.00119877 0.00089584
16 9 86.13409991 466.76300723 983.23072652 0.00120669 -0.00177126
16 10 2.31323085 450.49935817 680.30757985 0.00116427 0.00045544
16 11 39.15623412 563.28903902 942.20168764 0.00915508 -0.00074065
16 12 24.86152145 230.89303218 15.96641797 -0.00876227 0.00178424
16 13 83.48629641 609.99677686 683.26361547 0.00133531 0.00101299
16 14 19.04137260 391.06045776 173.36440285 -0.00168693 -0.00271508
16 15 21.58622472 425.15595353 755.36135647 0.00084548 -0.00058201
16 16 84.38619253 31.31344204 567.70045843 0.00166944 0.00145737
16 17 92.73922736 395.15022931 449.75367651 -0.00002595 -0.00502905
16 18 57.47395362 326.54083084 727.27199604 0.00065798 -0.00000076
16 19 84.60885120 961.17190941 520.83432037 -0.00132528 0.00060384
16 20 59.08836569 539.69239889 747.32011950 0.00299281 0.00009442
16 21 28.32391921 607.03346890 965.25362828 -0.00867899 -0.01869547
16 22 2.54800409 165.26705502 296.27355839 0.00126145 0.00057904
16 23 30.05532946 394.88152985 423.40322616 0.00014415 0.01943503
16 24 71.42285296 198.84284201 14.07997251 0.00487565 0.00165428
16 25 92.70378692 605.95984240 790.17539104 -0.00153408 -0.00160419
16 26 85.15381895 914.95958668 651.07697256 -0.00098607 -0.00064424
16 27 37.71100725 95.41008765 449.45073326 -0.00031607 0.00065426
16 28 59.53848078 665.92193506 668.84145206 -0.00463472 0.00216665
16 29 38.90976057 561.24335159 274.72164942 -0.00079347 -0.00157772
16 30 72.45122229 848.91371987 971.71201841 -0.00110397 -0.00083278
16 31 5.00292559 256.06835785 235.98511217 0.00039517 0.00214349
16 32 44.49431423 110.89083467 710.66279758 0.00009031 -0.00102556
16 33 48.06165225 895.76354429 201.71925337 -0.00059855 0.00052285
16 34 14.79381392 695.51595463 563.27574546 -0.00139839 0.00189642
16 35 21.10306174 539.84107567 604.41745501 -0.00014838 0.00085924
16 36 69.78370867 598.86520010 942.85389162 -0.00295162 0.00354220
16 37 30.26773512 624.35379033 880.46788407 -0.00282328 0.00050729
16 38 22.62560342 456.53446751 105.49435515 -0.00114974 0.00107792
16 39 33.11015721 883.28023215 416.51004403 -0.00033010 0.00109272
16 40 90.77601631 356.29789688 122.08805357 0.00061532 0.00111375
16 41 1.05151728 647.68994659 272.13226561 -0.00196526 0.00019890
16 42 17.30092920 304.78136175 352.56894849 0.00114420 0.00106203
16 43 69.55116717 484.82992763 534.08948316 -0.00054357 0.00067467
16 44 17.66081356 244.12563051 269.41233166 0.00122063 -0.00001939
16 45 40.97978112 558.10195085 218.76441835 -0.00057121 0.00217053
16 46 25.44073031 253.91535716 64.89213397 -0.00061837 -0.00125257
16 47 15.66060595 712.27009109 696.30414277 -0.00552416 -0.00142024
16 48 97.68488029 266.78107024 997.74038166 0.00060493 -0.00120596
16 49 35.16205361 33.05090667 411.03716400 0.00189678 0.00160735

17 0 78.18940876 183.43482831 796.54289464 0.00042547 -0.00094367
17 1 10.89751713 445.83293085 596.85002914 0.00182419 -0.00139410
17 2 15.14381463 333.70913253 459.24881887 0.00548435 -0.00072612
17 3 72.47787839 56.41170831 650.88839315 0.00138791 -0.00084499
17 4 99.22894486 0.77886710 938.55263813 0.00107719 -0.00080265
17 5 1.69956456 611.65313330 617.48200316 -0.00030706 0.00521849
17 6 40.58623680 524.77462022 23.06259896 -0.00043787 0.00179371
17 7 24.04436270 973.75546324 46.66573615 -0.00062345 0.00071439
17 8 38.86373701 618.38589420 90.60652565 -0.00126929 0.00094853
17 9 86.13409991 466.76302001 983.23070777 0.00127767 -0.00187545
17 10 2.31323085 450.49937050 680.30758467 0.00123276 0.00048223
17 11 39.15623412 563.28913596 942.20167980 0.00969364 -0.00078421
17 12 24.86152145 230.89293941 15.96643686 -0.00927772 0.00188920
17 13 83.48629641 609.99679100 683.26362620 0.00141386 0.00107258
17 14 19.04137260 391.06043990 173.36437410 -0.00178616 -0.00287479
17 15 21.58622472 425.15596249 755.36135030 0.00089522 -0.00061625
17 16 84.38619253 31.31345972 567.70047386 0.00176764 0.00154310
17 17 92.73922736 395.15022904 449.75362326 -0.00002748 -0.00532491
17 18 57.47395362 326.54083781 727.27199604 0.00069668 -0.00000081
17 19 84.60885120 961.17189538 520.83432676 -0.00140324 0.00063937
17 20 59.08836569 539.69243058 747.32012050 0.00316886 0.00009997
17 21 28.32391921 607.03337700 965.25343032 -0.00918956 -0.01979529
17 22 2.54800409 165.26706838 296.27356452 0.00133565 0.00061311
17 23 30.05532946 394.88153137 423.40343195 0.00015263 0.02057837
17 24 71.42285296 198.84289363 14.07999003 0.00516246 0.00175159
17 25 92.70378692 605.95982615 790.17537406 -0.00162432 -0.00169856
17 26 85.15381895 914.95957624 651.07696574 -0.00104407 -0.00068214
17 27 37.71100725 95.41008430 449.45074019 -0.00033466 0.00069274
17 28 59.53848078 665.92188599 668.84147500 -0.00490735 0.00229411
17 29 38.90976057 561.24334319 274.72163272 -0.00084014 -0.00167053
17 30 72.45122229 848.91370818 971.71200959 -0.00116891 -0.00088176
17 31 5.00292559 256.06836204 235.98513487 0.00041842 0.00226958
17 32 44.49431423 110.89083563 710.66278672 0.00009563 -0.00108589
17 33 48.06165225 895.76353795 201.71925891 -0.00063376 0.00055360
17 34 14.79381392 695.51593982 563.27576554 -0.00148065 0.00200797
17 35 21.10306174 539.84107410 604.41746411 -0.00015711 0.00090979
17 36 69.78370867 598.86516885 942.85392913 -0.00312524 0.00375059
17 37 30.26773512 624.35376044 880.46788944 -0.00298936 0.00053713
17 38 22.62560342 456.53445533 105.49436657 -0.00121737 0.00114133
17 39 33.11015721 883.28022866 416.51005560 -0.00034952 0.00115700
17 40 90.77601631 356.29790340 122.08806536 0.00065152 0.00117927
17 41 1.05151728 647.68992578 272.13226772 -0.00208086 0.00021060
17 42 17.30092920 304.78137387 352.56895973 0.00121151 0.00112450
17 43 69.55116717 484.82992188 534.08949030 -0.00057554 0.00071435
17 44 17.66081356 244.12564344 269.41233146 0.00129243 -0.00002053
17 45 40.97978112 558.10194480 218.76444133 -0.00060481 0.00229821
17 46 25.44073031 253.91535061 64.89212071 -0.00065475 -0.00132625
17 47 15.66060595 712.27003260 696.30412773 -0.00584911 -0.00150378
17 48 97.68488029 266.78107664 997.74036889 0.00064051 -0.00127690
17 49 35.16205361 33.05092675 411.03718102 0.00200835 0.00170190

18 0 78.18940876 183.43483280 796.54288468 0.00044911 -0.00099609
18 1 10.89751713 445.83295010 596.85001442 0.00192553 -0.00147156
18 2 15.14381463 333.70919042 459.24881121 0.00578904 -0.00076646
18 3 72.47787839 56.41172296 650.88838423 0.00146502 -0.00089193
18 4 99.22894486 0.77887847 938.55262966 0.00113704 -0.00084724
18 5 1.69956456 611.65313006 617.48205824 -0.00032411 0.00550841
18 6 40.58623680 524.77461560 23.06261790 -0.00046219 0.00189336
18 7 24.04436270 973.75545666 46.66574369 -0.00065809 0.00075408
18 8 38.86373701 618.38588080 90.60653566 -0.00133980 0.00100123
18 9 86.13409991 466.76303349 983.23068797 0.00134865 -0.00197965
18 10 2.31323085 450.49938351 680.30758976 0.00130125 0.00050902
18 11 39.15623412 563.28923828 942.20167152 0.01023220 -0.00082778
18 12 24.86152145 230.89284148 15.96645680 -0.00979318 0.00199415
18 13 83.48629641 609.99680592 683.26363752 0.00149241 0.00113216
18 14 19.04137260 391.06042104 173.36434376 -0.00188539 -0.00303450
18 15 21.58622472 425.15597194 755.36134380 0.00094495 -0.00065049
18 16 84.38619253 31.31347838 567.70049015 0.00186584 0.00162883
18 17 92.73922736 395.15022875 449.75356705 -0.00002900 -0.00562077
18 18 57.47395362 326.54084516 727.27199603 0.00073539 -0.00000085
18 19 84.60885120 961.17188057 520.83433351 -0.00148120 0.00067489
18 20 59.08836569 539.69246403 747.32012155 0.00334491 0.00010553
18 21 28.32391921 607.03328000 965.25322137 -0.00970014 -0.02089512
18 22 2.54800409 165.26708247 296.27357100 0.00140985 0.00064717
18 23 30.05532946 394.88153299 423.40364916 0.00016111 0.02172172
18 24 71.42285296 198.84294813 14.08000851 0.00544927 0.00184890
18 25 92.70378692 605.95980901 790.17535613 -0.00171456 -0.00179293
18 26 85.15381895 914.95956522 651.07695854 -0.00110208 -0.00072004
18 27 37.71100725 95.41008077 449.45074750 -0.00035326 0.00073123
18 28 59.53848078 665.92183419 668.84149922 -0.00517999 0.00242156
18 29 38.90976057 561.24333432 274.72161508 -0.00088682 -0.00176334
18 30 72.45122229 848.91369584 971.71200029 -0.00123385 -0.00093075
18 31 5.00292559 256.06836645 235.98515882 0.00044166 0.00239567
18 32 44.49431423 110.89083664 710.66277526 0.00010094 -0.00114621
18 33 48.06165225 895.76353126 201.71926475 -0.00066896 0.00058436
18 34 14.79381392 695.51592419 563.27578673 -0.00156291 0.00211953
18 35 21.10306174 539.84107244 604.41747371 -0.00016583 0.00096033
18 36 69.78370867 598.86513586 942.85396871 -0.00329886 0.00395899
18 37 30.26773512 624.35372888 880.46789511 -0.00315543 0.00056697
18 38 22.62560342 456.53444248 105.49437862 -0.00128500 0.00120474
18 39 33.11015721 883.28022497 416.51006782 -0.00036893 0.00122128
18 40 90.77601631 356.29791028 122.08807781 0.00068772 0.00124478
18 41 1.05151728 647.68990382 272.13226994 -0.00219646 0.00022230
18 42 17.30092920 304.78138665 352.56897160 0.00127881 0.00118697
18 43 69.55116717 484.82991580 534.08949784 -0.00060752 0.00075404
18 44 17.66081356 244.12565708 269.41233124 0.00136424 -0.00002167
18 45 40.97978112 558.10193841 218.76446559 -0.00063841 0.00242589
18 46 25.44073031 253.91534370 64.89210671 -0.00069113 -0.00139993
18 47 15.66060595 712.26997086 696.30411186 -0.00617407 -0.00158733
18 48 97.68488029 266.78108341 997.74035541 0.00067610 -0.00134784
18 49 35.16205361 33.05094795 411.03719898 0.00211993 0.00179646

19 0 78.18940876 183.43483753 796.54287419 0.00047274 -0.00104852
19 1 10.89751713 445.83297037 596.84999893 0.00202688 -0.00154901
19 2 15.14381463 333.70925136 459.24880314 0.00609373 -0.00080680
19 3 72.47787839 56.41173839 650.88837484 0.00154213 -0.00093888
19 4 99.22894486 0.77889044 938.55262074 0.00119688 -0.00089183
19 5 1.69956456 611.65312665 617.48211623 -0.00034117 0.00579833
19 6 40.58623680 524.77461074 23.06263783 -0.00048652 0.00199301
19 7 24.04436270 973.75544973 46.66575163 -0.00069272 0.00079377
19 8 38.86373701 618.38586670 90.60654620 -0.00141032 0.00105393
19 9 86.13409991 466.76304769 983.23066713 0.00141963 -0.00208384
19 10 2.31323085 450.49939721 680.30759512 0.00136973 0.00053581
19 11 39.15623412 563.28934599 942.20166281 0.01077077 -0.00087134
19 12 24.86152145 230.89273839 15.96647779 -0.01030864 0.00209910
19 13 83.48629641 609.99682163 683.26364944 0.00157096 0.00119175
19 14 19.04137260 391.06040120 173.36431181 -0.00198462 -0.00319421
19 15 21.58622472 425.15598188 755.36133695 0.00099469 -0.00068472
19 16 84.38619253 31.31349802 567.70050730 0.00196405 0.00171456
19 17 92.73922736 395.15022844 449.75350788 -0.00003053 -0.00591664
19 18 57.47395362 326.54085290 727.27199602 0.00077409 -0.00000090
19 19 84.60885120 961.17186498 520.83434061 -0.00155916 0.00071041
19 20 59.08836569 539.69249924 747.32012266 0.00352096 0.00011108
19 21 28.32391921 607.03317790 965.25300142 -0.01021073 -0.02199497
19 22 2.54800409 165.26709731 296.27357781 0.00148406 0.00068123
19 23 30.05532946 394.88153468 423.40387782 0.00016959 0.02286510
19 24 71.42285296 198.84300549 14.08002798 0.00573609 0.00194621
19 25 92.70378692 605.95979096 790.17533726 -0.00180480 -0.00188729
19 26 85.15381895 914.95955362 651.07695096 -0.00116008 -0.00075794
19 27 37.71100725 95.41007705 449.45075520 -0.00037185 0.00076971
19 28 59.53848078 665.92177966 668.84152471 -0.00545262 0.00254901
19 29 38.90976057 561.24332499 274.72159652 -0.00093349 -0.00185615
19 30 72.45122229 848.91368286 971.71199049 -0.00129879 -0.00097974
19 31 5.00292559 256.06837110 235.98518404 0.00046491 0.00252176
19 32 44.49431423 110.89083770 710.66276319 0.00010625 -0.00120654
19 33 48.06165225 895.76352422 201.71927090 -0.00070417 0.00061511
19 34 14.79381392 695.51590774 563.27580904 -0.00164517 0.00223108
19 35 21.10306174 539.84107070 604.41748382 -0.00017456 0.00101088
19 36 69.78370867 598.86510113 942.85401039 -0.00347248 0.00416740
19 37 30.26773512 624.35369567 880.46790108 -0.00332151 0.00059681
19 38 22.62560342 456.53442896 105.49439130 -0.00135263 0.00126815
19 39 33.11015721 883.28022108 416.51008067 -0.00038835 0.00128556
19 40 90.77601631 356.29791751 122.08809092 0.00072391 0.00131030
19 41 1.05151728 647.68988070 272.13227228 -0.00231207 0.00023400
19 42 17.30092920 304.78140012 352.56898410 0.00134612 0.00124945
19 43 69.55116717 484.82990941 534.08950578 -0.00063949 0.00079373
19 44 17.66081356 244.12567144 269.41233101 0.00143604 -0.00002281
19 45 40.97978112 558.10193169 218.76449113 -0.00067201 0.00255357
19 46 25.44073031 253.91533642 64.89209198 -0.00072751 -0.00147361
19 47 15.66060595 712.26990587 696.30409515 -0.00649902 -0.00167087
19 48 97.68488029 266.78109052 997.74034122 0.00071168 -0.00141877
19 49 35.16205361 33.05097027 411.03721789 0.00223150 0.00189101

